[gd_scene load_steps=2 format=3 uid="uid://cgqma0vn5it54"]

[ext_resource type="PackedScene" uid="uid://rdtsc0vx1k1j" path="res://Resources/Towers/FreezeTowerlvl1/Mage.glb" id="1_d25iu"]

[node name="Mage" instance=ExtResource("1_d25iu")]

[node name="Skeleton3D" parent="Rig" index="0"]
bones/1/position = Vector3(0, 0.392064, 0)
bones/1/rotation = Quaternion(-1.11123e-10, 0.0431578, 2.57241e-09, 0.999068)
bones/2/rotation = Quaternion(-6.93889e-18, 7.10543e-15, 4.93038e-32, 1)
bones/3/rotation = Quaternion(8.27181e-25, 3.72529e-09, 0, 1)
bones/4/position = Vector3(0.212007, 0.134132, 7.92996e-08)
bones/4/rotation = Quaternion(-0.559906, -0.0608803, -0.643974, 0.517779)
bones/4/scale = Vector3(0.999999, 0.999999, 1)
bones/5/rotation = Quaternion(3.65498e-08, -4.88301e-08, -0.494719, 0.869053)
bones/6/rotation = Quaternion(-9.73784e-11, -2.98437e-10, 0.0266581, 0.999645)
bones/6/scale = Vector3(1, 1, 1)
bones/7/rotation = Quaternion(-0.321065, -0.325319, 0.145726, 0.87741)
bones/8/position = Vector3(8.34843e-10, 0.0961252, -0.0575)
bones/8/rotation = Quaternion(-3.6586e-09, 6.87811e-09, -0.707107, 0.707107)
bones/8/scale = Vector3(1, 1, 1)
bones/9/rotation = Quaternion(-8.95373e-08, 0.707107, 0.707107, -9.81383e-08)
bones/10/rotation = Quaternion(-8.95373e-08, 0.707107, 0.707107, -9.81383e-08)
bones/11/position = Vector3(-0.212007, 0.134132, 8.6814e-08)
bones/11/rotation = Quaternion(-0.618244, 0.0807286, 0.618012, 0.478873)
bones/11/scale = Vector3(0.999999, 0.999999, 1)
bones/12/rotation = Quaternion(2.09853e-08, 5.12855e-08, 0.517939, 0.855417)
bones/13/rotation = Quaternion(-9.73784e-11, 2.98437e-10, -0.0266581, 0.999645)
bones/13/scale = Vector3(1, 1, 1)
bones/14/rotation = Quaternion(-0.319291, 0.300524, -0.22735, 0.869512)
bones/15/position = Vector3(-1.5736e-08, 0.0961251, -0.0575)
bones/15/rotation = Quaternion(-1.02444e-09, -4.24391e-09, 0.707107, 0.707107)
bones/15/scale = Vector3(1, 1, 1)
bones/18/rotation = Quaternion(-5.80608e-11, -0.0313417, -1.88012e-09, 0.999509)
bones/19/rotation = Quaternion(-0.130526, -7.04464e-15, -9.27445e-16, 0.991445)
bones/21/position = Vector3(0.170945, 0.113587, 1.59941e-08)
bones/21/rotation = Quaternion(0.996185, 0.0479136, 0.0566427, -0.045939)
bones/21/scale = Vector3(1, 1, 1)
bones/22/rotation = Quaternion(0.165014, 6.49414e-08, -1.11407e-07, 0.986291)
bones/23/rotation = Quaternion(-0.533729, -0.260895, -1.72985e-05, 0.804405)
bones/24/rotation = Quaternion(-2.32086e-08, 0.920355, -0.391084, 7.25743e-08)
bones/24/scale = Vector3(1, 1, 1)
bones/25/position = Vector3(-0.170945, 0.113587, 1.55755e-08)
bones/25/rotation = Quaternion(0.997322, -0.0294574, 0.0315293, 0.0590483)
bones/25/scale = Vector3(1, 1, 1)
bones/26/rotation = Quaternion(0.274008, -6.38135e-08, 1.92761e-07, 0.961727)
bones/27/rotation = Quaternion(-0.559039, 0.114513, -0.00862763, 0.82115)
bones/28/rotation = Quaternion(3.03591e-08, 0.920355, -0.391084, -6.95338e-08)
bones/28/scale = Vector3(1, 1, 1)
bones/29/rotation = Quaternion(0.707107, -2.29302e-07, -4.60552e-08, 0.707107)
bones/30/position = Vector3(0.213918, 0.0259903, 0.173866)
bones/30/rotation = Quaternion(-0.705092, 0.0533355, 0.0533355, 0.705092)
bones/31/rotation = Quaternion(9.65792e-09, 1.77955e-09, 0.985719, -0.168398)
bones/32/position = Vector3(-1.11482e-08, 0.213436, -5.36347e-09)
bones/32/rotation = Quaternion(-1.10961e-07, 0.391084, 0.920355, -2.67919e-08)
bones/33/position = Vector3(-6.31128e-09, 0.16565, -7.10267e-09)
bones/34/rotation = Quaternion(1, -8.27364e-11, 1.94627e-07, -7.45058e-09)
bones/36/rotation = Quaternion(0.707107, -3.82385e-08, 1.45009e-07, 0.707107)
bones/37/rotation = Quaternion(-0.707107, -7.05285e-08, -7.05285e-08, 0.707107)
bones/38/rotation = Quaternion(-5.83589e-09, 6.43837e-10, 0.994809, 0.101756)
bones/39/position = Vector3(-1.11482e-08, 0.213436, -2.50942e-15)
bones/39/rotation = Quaternion(-1.05796e-07, 0.391084, 0.920355, -2.58643e-08)
bones/40/position = Vector3(-6.31128e-09, 0.16565, 2.70695e-09)
bones/40/rotation = Quaternion(-0.391084, -6.885e-08, -6.56287e-08, 0.920355)
bones/41/rotation = Quaternion(1, 3.76526e-09, 1.94879e-07, 7.45058e-09)
bones/43/rotation = Quaternion(-0.707107, -7.27951e-08, -7.27951e-08, 0.707107)
bones/44/position = Vector3(0.520841, 0.788312, -0.0576373)
bones/44/rotation = Quaternion(0.794627, -1.11759e-07, 0.607098, -5.96046e-08)
bones/45/rotation = Quaternion(-0.707107, -7.27951e-08, -7.27951e-08, 0.707107)
bones/46/position = Vector3(-0.510844, 0.788312, 0.0597369)
bones/46/rotation = Quaternion(0.758253, 1.52737e-07, -0.651961, 1.11759e-08)

[node name="Spellbook" parent="Rig/Skeleton3D" index="0"]
transform = Transform3D(6.55703e-08, 0.964832, 0.262865, -0.999999, 1.0896e-06, -3.5482e-07, -9.9063e-07, -0.262864, 0.964832, 0.577621, 0.636705, 0.237873)

[node name="1H_Wand" parent="Rig/Skeleton3D" index="1"]
transform = Transform3D(1.98208e-08, -0.149894, 0.988701, 0.999999, -8.91262e-07, -1.04308e-06, 1.54391e-06, 0.988701, 0.149894, -0.49106, 0.64103, 0.106596)

[node name="2H_Staff" parent="Rig/Skeleton3D" index="2"]
transform = Transform3D(1.98208e-08, -0.149894, 0.988701, 0.999999, -8.91262e-07, -1.04308e-06, 1.54391e-06, 0.988701, 0.149894, -0.49106, 0.64103, 0.106596)

[node name="Mage_Hat" parent="Rig/Skeleton3D" index="3"]
transform = Transform3D(0.99972, -0.00612024, 0.0228411, 1.39343e-09, 0.965926, 0.258819, -0.0236468, -0.258746, 0.965656, -7.48423e-09, 1.7705, -1.02479e-07)

[node name="Mage_Cape" parent="Rig/Skeleton3D" index="4"]
transform = Transform3D(0.996275, -5.14962e-09, 0.0862354, 5.13044e-09, 1, 4.44078e-10, -0.0862354, 1.46374e-15, 0.996275, -1.2997e-08, 1.20227, -1.01951e-07)
